00001000000000000010000000000000
01100010000000000000000000000000
00000000000000000000000000000000
00000000000000000000000000000000
00000000000000000000000000000000
00000000000000000000000000000000
00000000000000000000000000000000
00000000000000000000000000000000
00001000000000000010000000000000
01100010000000000000000000000000
00001000000000000010000000000000
01000000000000000010000000000000
01000011000000000000000000000000
00000000000000000000000000000000
00000000000000000000000000000000
00000000000000000000000000000000
00001000000000000010000000000000
01100010000000000000000000000000
00000000100000001000000000000000
00000000000000000000000000000000
00000000000000000000000000000000
00000000000000000000000000000000
00000000000000000000000000000000
00000000000000000000000000000000
00001000000000000010000000000000
01100010000000000000000000000000
00001000000000000010000000000000
01000000000000000010000000000000
01000010000000100000000000000000
00000001011001000000000000000000
00000000000000000000000000000000
00000000000000000000000000000000
00001000000000000010000000000000
01100010000000000000000000000000
00001000000000000010000000000000
01000000000000000010000000000000
01000010000000100000000000000000
00000001010110000000000000000000
00000000000000000000000000000000
00000000000000000000000000000000
00001000000000000010000000000000
01100010000000000000000000000000
00001000000000000010000000000000
01000000000000000010000000000000
10000010100000000000000000000000
00000000000000000000000000000000
00000000000000000000000000000000
00000000000000000000000000000000
00001000000000000010000000000000
01100010000000000000000000000000
00001000000000000010000000000000
01000011000000000000000000000000
00000000000000000000000000000000
00000000000000000000000000000000
00000000000000000000000000000000
00000000000000000000000000000000
00001000000000000010000000000000
01100010000000000000000000000000
00001000000000000010000000000000
01000000000000000001110000000000
00000000000000000000000000000000
00000000000000000000000000000000
00000000000000000000000000000000
00000000000000000000000000000000
00001000000000000010000000000000
01100010000000000000000000000000
00001000000000000010000000000000
00000010000000000000000000000000
01000000000000000000100000000000
00000000000000000000000000000000
00000000000000000000000000000000
00000000000000000000000000000000
00001000000000000010000000000000
01100010000000000000000000000000
00001000000000000010000000000000
00000010000000000000000000000000
01000000000000000001000000000000
00000000000000000000000000000000
00000000000000000000000000000000
00000000000000000000000000000000
00001000000000000010000000000000
01100010000000000000000000000000
00001000000000000010000000000000
00000010000000000000000000000000
01000000000000000000010000000000
00000000000000000000000000000000
00000000000000000000000000000000
00000000000000000000000000000000
00001000000000000010000000000000
01100010000000000000000000000000
00001000000000000010000000000000
01000000000000000010000000000000
01000010000000100000000000000000
00000000000000000000000000000000
00000000000000000000000000000000
00000000000000000000000000000000
00001000000000000010000000000000
01100010000000000000000000000000
00001000000000000010000000000000
01000010000000100000000000000000
00000000000000000000000000000000
00000000000000000000000000000000
00000000000000000000000000000000
00000000000000000000000000000000
00001000000000000010000000000000
01100010000000000000000000000000
00001000000000000010000000000000
01000000000000000010000000000000
10000010000000010000000000000000
00000000000000000000000000000000
00000000000000000000000000000000
00000000000000000000000000000000
00001000000000000010000000000000
01100010000000000000000000000000
00000000000000000000001000000000
00000000000000000000000000000000
00000000000000000000000000000000
00000000000000000000000000000000
00000000000000000000000000000000
00000000000000000000000000000000
00001000000000000010000000000000
01100010000000000000000000000000
00000000000000000100000000000000
00000000000000000000000000000000
00000000000000000000000000000000
00000000000000000000000000000000
00000000000000000000000000000000
00000000000000000000000000000000
00001000000000000010000000000000
01100010000000000000000000000000
00001000000000000010000000000000
01000010000000000000000010000000
00000000000000000000000000000000
00000000000000000000000000000000
00000000000000000000000000000000
00000000000000000000000000000000
00001000000000000010000000000000
01100010000000000000000000000000
00001000000000000010000000000000
01000000000000000010000000000000
10000010000000000000000100000000
00000000000000000000000000000000
00000000000000000000000000000000
00000000000000000000000000000000
00001000000000000010000000000000
01100010000000000000000000000000
00001000000000000010000000000000
01000000000000000010000000000000
10000010000000000000000001000000
00000000000000000000000000000000
00000000000000000000000000000000
00000000000000000000000000000000
00001000000000000010000000000000
01100010000000000000000000000000
00001000000000000010000000000000
01000000000000000010000000000000
01000000000000000010000000000000
10000010100000000000000000000000
00000000000000000000000000000000
00000000000000000000000000000000
00001000000000000010000000000000
01100010000000000000000000000000
00001000000000000010000000000000
01000000000000000010000000000000
01000000000000000010000000000000
01000011000000000000000000000000
00000000000000000000000000000000
00000000000000000000000000000000
00001000000000000010000000000000
01100010000000000000000000000000
00001000000000000010000000000000
01000000000000000010000000000000
01000010000000100000000000000000
00000001011000000000000000000000
00000000000000000000000000000000
00000000000000000000000000000000
00001000000000000010000000000000
01100010000000000000000000000000
00001000000000000010000000000000
01000000000000000010000000000000
01000010000000100000000000000000
00000001010100000000000000000000
00000000000000000000000000000000
00000000000000000000000000000000
00001000000000000010000000000000
01100010000000000000000000000000
00001000000000000010000000000000
01000000000000000010000000000000
01000010000000100000000000000000
00000001011100000000000000000000
00000000000000000000000000000000
00000000000000000000000000000000
00000000000000000000000000000000
00000000000000000000000000000000
00000000000000000000000000000000
00000000000000000000000000000000
00000000000000000000000000000000
00000000000000000000000000000000
00000000000000000000000000000000
00000000000000000000000000000000
00000000000000000000000000000000
00000000000000000000000000000000
00000000000000000000000000000000
00000000000000000000000000000000
00000000000000000000000000000000
00000000000000000000000000000000
00000000000000000000000000000000
00000000000000000000000000000000
00000000000000000000000000000000
00000000000000000000000000000000
00000000000000000000000000000000
00000000000000000000000000000000
00000000000000000000000000000000
00000000000000000000000000000000
00000000000000000000000000000000
00000000000000000000000000000000
00000000000000000000000000000000
00000000000000000000000000000000
00000000000000000000000000000000
00000000000000000000000000000000
00000000000000000000000000000000
00000000000000000000000000000000
00000000000000000000000000000000
00000000000000000000000000000000
00000000000000000000000000000000
00000000000000000000000000000000
00000000000000000000000000000000
00000000000000000000000000000000
00000000000000000000000000000000
00000000000000000000000000000000
00000000000000000000000000000000
00000000000000000000000000000000
00000000000000000000000000000000
00000000000000000000000000000000
00000000000000000000000000000000
00000000000000000000000000000000
00000000000000000000000000000000
00000000000000000000000000000000
00000000000000000000000000000000
00000000000000000000000000000000
00000000000000000000000000000000
00000000000000000000000000000000
00000000000000000000000000000000
00000000000000000000000000000000
00000000000000000000000000000000
00000000000000000000000000000000
00000000000000000000000000000000
00000000000000000000000000000000
00000000000000000000000000000000
00000000000000000000000000000000
00000000000000000000000000000000
00000000000000000000000000000000
00000000000000000000000000000000
00000000000000000000000000000000
00000000000000000000000000000000
00000000000000000000000000000000